from engine import Vector, Matrix

tr = [(Vector(-1.416103, 9.951778, -31.360806),
Matrix(
    0.530435, -0.000000, -0.847725,
    0.149809, 0.984261, 0.093738,
    -0.834383, 0.176719, -0.522087)),
(Vector(-12.326512, 9.580639, -32.169894),
Matrix(
    0.530435, -0.000000, -0.847725,
    0.149809, 0.984261, 0.093738,
    -0.834383, 0.176719, -0.522087)),
(Vector(-25.968968, 8.608285, -37.220671),
Matrix(
    0.212549, -0.000000, -0.977150,
    -0.049642, 0.998709, -0.010798,
    -0.975889, -0.050802, -0.212275)),
(Vector(-39.558524, 7.246314, -39.026068),
Matrix(
    0.241079, -0.000000, -0.970505,
    -0.080842, 0.996525, -0.020082,
    -0.967132, -0.083299, -0.240242)),
(Vector(-50.310230, 5.706322, -30.099018),
Matrix(
    -0.276533, 0.000000, -0.961004,
    -0.109192, 0.993524, 0.031421,
    -0.954781, -0.113623, 0.274743)),
(Vector(-54.908232, 4.376390, -23.213017),
Matrix(
    -0.742645, -0.000000, -0.669686,
    -0.090736, 0.990779, 0.100621,
    -0.663510, -0.135490, 0.735797)),
(Vector(-59.126866, 2.463544, -18.211316),
Matrix(
    -0.799752, 0.000000, -0.600331,
    -0.132283, 0.975421, 0.176225,
    -0.585575, -0.220350, 0.780095)),
(Vector(-61.209776, 0.745506, -13.394919),
Matrix(
    -0.849819, 0.000000, -0.527074,
    -0.157500, 0.954310, 0.253943,
    -0.502992, -0.298820, 0.810991)),
(Vector(-59.400604, 0.000000, -7.064832),
Matrix(
    -0.998380, -0.000000, -0.056906,
    -0.012831, 0.974250, 0.225106,
    -0.055440, -0.225471, 0.972671)),
(Vector(-55.483377, 0.000000, -3.317617),
Matrix(
    -0.855726, 0.000000, 0.517428,
    0.030204, 0.998295, 0.049952,
    0.516546, -0.058374, 0.854267)),
(Vector(-48.768161, 0.000000, -0.269121),
Matrix(
    -0.559798, 0.040041, 0.827661,
    0.022433, 0.999198, -0.033167,
    0.828325, -0.000000, 0.560247)),
(Vector(-40.298663, 0.000000, 1.270830),
Matrix(
    -0.297432, 0.080018, 0.951384,
    0.023877, 0.996793, -0.076373,
    0.954445, -0.000000, 0.298388)),
(Vector(-31.118587, 0.000000, 0.492410),
Matrix(
    -0.047272, 0.119867, 0.991664,
    0.005707, 0.992790, -0.119731,
    0.998866, -0.000000, 0.047615)),
(Vector(-21.497643, 0.000000, -2.049492),
Matrix(
    0.168424, 0.159523, 0.972721,
    -0.027216, 0.987194, -0.157184,
    0.985339, 0.000000, -0.170609)),
(Vector(-11.086296, 0.000000, -4.708220),
Matrix(
    0.249623, 0.119867, 0.960895,
    -0.030139, 0.992790, -0.116016,
    0.967874, -0.000000, -0.251436)),
(Vector(0.000613, 0.000000, -6.655943),
Matrix(
    0.209706, 0.080018, 0.974485,
    -0.016834, 0.996793, -0.078227,
    0.977620, -0.000000, -0.210380)),
(Vector(11.648244, 0.000000, -7.064832),
Matrix(
    0.104223, 0.040041, 0.993748,
    -0.004177, 0.999198, -0.039823,
    0.994545, -0.000000, -0.104307))]
